2 10728.213
4 10706.658
6 10672.296
8 10707.528
10 10690.579
12 10751.982
14 10708.374
16 10729.776
18 10739.165
20 10692.712
22 10698.109
24 10750.016
2 10713.455
4 10677.147
6 10727.996
8 10748.027
10 10729.923
12 10723.655
14 10686.360
16 10731.033
18 10707.094
20 10683.782
22 10678.000
24 10691.386
2 10778.314
4 10706.619
6 10733.612
8 10716.511
10 10858.255
12 10689.325
14 10761.107
16 10704.448
18 10668.766
20 10725.759
22 10708.987
24 10764.521
2 10739.956
4 10726.823
6 10682.446
8 10765.816
10 10696.658
12 10748.153
14 10764.812
16 10720.330
18 10675.186
20 10739.984
22 10671.569
24 10762.990
2 10679.554
4 10757.233
6 10744.717
8 10673.987
10 10777.434
12 10753.926
14 10734.882
16 10730.727
18 10754.708
20 10757.604
22 10709.715
24 10680.757
2 10739.586
4 10718.969
6 10678.087
8 10756.438
10 10710.988
12 10776.399
14 10711.038
16 10724.700
18 10701.444
20 10769.892
22 10717.478
24 10660.471
2 10760.330
4 10725.167
6 10706.979
8 10812.158
10 10708.924
12 10692.433
14 10764.856
16 10730.391
18 10691.536
20 10697.890
22 10770.809
24 10690.814
2 10749.332
4 10733.798
6 10737.371
8 10702.010
10 10715.444
12 10747.018
14 10726.526
16 10724.200
18 10700.638
20 10758.643
22 10689.210
24 10732.130
2 10685.406
4 10782.238
6 10725.299
8 10669.421
10 10693.205
12 10662.270
14 10755.107
16 10751.971
18 10722.890
20 10709.590
22 10753.335
24 10709.834
2 10773.019
4 10762.951
6 10663.057
8 10799.218
10 10722.952
12 10720.224
14 10773.197
16 10728.722
18 10670.797
20 10776.015
22 10994.938
24 10715.917
