2 83.941
4 84.131
6 84.466
8 84.731
10 86.135
12 85.848
14 84.975
16 132.541
18 133.880
20 113.631
22 134.671
24 148.027
2 84.084
4 84.098
6 84.325
8 84.706
10 85.850
12 84.895
14 109.271
16 85.051
18 88.876
20 132.614
22 145.450
24 138.550
2 84.151
4 84.435
6 89.603
8 84.463
10 84.609
12 85.883
14 86.303
16 102.290
18 110.019
20 135.881
22 137.976
24 197.784
2 84.160
4 84.190
6 84.676
8 85.210
10 84.759
12 84.753
14 84.983
16 87.986
18 135.851
20 99.529
22 117.574
24 153.851
2 83.971
4 84.043
6 96.050
8 98.007
10 84.708
12 94.859
14 88.473
16 94.846
18 148.432
20 120.203
22 136.104
24 144.343
2 84.057
4 84.097
6 101.271
8 99.947
10 87.087
12 88.183
14 90.337
16 133.045
18 134.848
20 88.335
22 117.509
24 141.912
2 84.076
4 91.398
6 94.434
8 84.504
10 86.418
12 90.353
14 90.166
16 101.589
18 134.041
20 89.810
22 135.065
24 160.371
2 92.817
4 84.176
6 110.589
8 97.224
10 109.336
12 102.556
14 86.947
16 91.781
18 149.892
20 133.430
22 112.147
24 140.170
2 87.371
4 84.078
6 101.410
8 93.351
10 100.830
12 90.467
14 109.134
16 120.764
18 136.016
20 97.171
22 137.838
24 141.502
2 84.435
4 84.415
6 85.442
8 84.608
10 101.281
12 84.955
14 85.169
16 93.993
18 102.500
20 135.283
22 150.412
24 137.558
2 85.080
4 85.036
6 85.177
8 85.371
10 85.463
12 86.138
14 87.859
16 134.092
18 86.512
20 90.890
22 140.433
24 150.447
2 84.991
4 93.919
6 110.954
8 85.741
10 85.598
12 85.522
14 85.727
16 112.801
18 134.027
20 134.579
22 106.435
24 136.258
2 110.197
4 109.936
6 85.763
8 86.535
10 85.523
12 85.740
14 85.749
16 85.918
18 88.867
20 138.326
22 138.275
24 156.432
2 84.902
4 84.958
6 85.222
8 85.305
10 86.182
12 85.899
14 85.815
16 85.971
18 118.712
20 136.723
22 111.598
24 141.692
2 85.500
4 85.074
6 90.030
8 85.660
10 85.981
12 85.775
14 85.740
16 85.990
18 86.189
20 137.404
22 138.148
24 139.841
2 84.918
4 85.076
6 86.335
8 85.643
10 86.133
12 85.586
14 85.982
16 116.878
18 134.643
20 139.086
22 135.299
24 139.984
2 84.941
4 84.981
6 85.240
8 87.658
10 85.326
12 89.642
14 119.332
16 135.756
18 86.227
20 137.733
22 124.788
24 136.963
2 84.949
4 85.247
6 85.324
8 86.578
10 85.576
12 85.670
14 114.595
16 86.843
18 135.081
20 132.270
22 139.654
24 136.712
2 84.948
4 84.942
6 85.434
8 85.660
10 85.445
12 85.930
14 85.855
16 109.855
18 157.700
20 106.960
22 146.065
24 139.597
2 85.077
4 84.962
6 85.226
8 85.581
10 85.902
12 85.731
14 85.724
16 86.469
18 103.924
20 137.056
22 135.804
24 153.639
