2 10109.543
4 10132.601
6 10197.571
8 10222.640
10 10054.524
12 10200.216
14 10294.906
16 10495.414
18 10475.407
20 10466.573
22 10650.478
24 10661.506
2 10086.072
4 10105.321
6 10043.616
8 10244.769
10 10252.951
12 10143.782
14 10332.565
16 10537.705
18 10547.411
20 10720.416
22 10608.804
24 10502.184
2 10107.694
4 10073.001
6 10032.713
8 10212.940
10 10084.446
12 10172.331
14 10275.279
16 10441.585
18 10631.358
20 10554.502
22 10771.312
24 10869.003
2 10082.664
4 10070.798
6 10089.338
8 10084.394
10 10131.861
12 10121.298
14 10448.046
16 10442.684
18 10493.313
20 10581.370
22 10602.502
24 11071.485
2 10115.594
4 10081.356
6 10167.842
8 10192.888
10 10196.077
12 10268.200
14 10218.955
16 10480.190
18 10503.498
20 10556.225
22 10498.958
24 10710.061
2 10067.611
4 10051.955
6 10096.575
8 10095.585
10 10252.706
12 10075.966
14 10358.587
16 10554.624
18 10534.740
20 10535.065
22 10604.743
24 10668.556
2 10095.711
4 10157.928
6 10096.702
8 10116.193
10 10197.005
12 10105.375
14 10755.469
16 10541.778
18 10593.707
20 10827.352
22 10606.921
24 10705.429
2 10105.599
4 10114.452
6 10054.072
8 10136.024
10 10301.341
12 10187.585
14 10478.792
16 10479.941
18 10748.386
20 10511.604
22 10944.055
24 10624.912
2 10071.771
4 10098.894
6 10214.296
8 10123.139
10 10106.010
12 10139.617
14 10300.089
16 10539.646
18 10435.639
20 10449.729
22 10607.175
24 10553.653
2 10073.980
4 10113.348
6 10138.583
8 10134.252
10 10156.474
12 10286.867
14 10135.668
16 10550.476
18 10424.442
20 10593.376
22 10624.592
24 10923.691
2 14154.419
4 14107.762
6 14107.956
8 14145.517
10 14153.245
12 14168.289
14 14264.429
16 14441.599
18 14728.834
20 14301.618
22 15074.372
24 15384.449
2 14133.100
4 14130.663
6 14123.858
8 14126.001
10 14176.030
12 14168.653
14 14244.468
16 14176.956
18 14307.778
20 14305.314
22 14453.798
24 15412.223
2 14121.572
4 14128.823
6 14152.275
8 14166.484
10 14155.837
12 14211.255
14 14205.834
16 14283.425
18 14257.993
20 14504.483
22 14592.049
24 15434.322
2 14096.736
4 14113.052
6 14142.074
8 14124.800
10 14165.571
12 14167.898
14 14182.563
16 14272.097
18 14614.054
20 14717.991
22 14492.133
24 15491.938
2 14088.975
4 14120.934
6 14116.267
8 14182.216
10 14151.786
12 14132.946
14 14183.290
16 14307.568
18 14278.500
20 14335.807
22 14410.354
24 15360.061
2 14170.648
4 14121.374
6 14115.824
8 14130.106
10 14149.340
12 14170.104
14 14243.143
16 14195.578
18 14342.477
20 14373.858
22 14527.637
24 15410.103
2 14098.103
4 14114.538
6 14095.152
8 14150.671
10 14130.656
12 14230.405
14 14289.899
16 14188.913
18 14205.032
20 14232.096
22 14583.242
24 15384.634
2 14083.476
4 14141.227
6 14132.976
8 14120.496
10 14139.814
12 14150.887
14 14254.621
16 14243.089
18 14415.631
20 14524.479
22 14531.646
24 15451.119
2 14102.469
4 14147.877
6 14113.623
8 14152.722
10 14170.148
12 14159.121
14 14207.347
16 14238.514
18 14187.677
20 14336.708
22 14292.323
24 15373.746
2 14095.413
4 14128.795
6 14125.044
8 14168.671
10 14154.628
12 14155.423
14 14155.474
16 14272.743
18 14185.602
20 14286.589
22 14596.057
24 15382.129
