2 16689.110
4 16790.557
6 16926.345
8 17126.961
10 16812.563
12 16980.265
14 16893.977
16 17051.399
18 17096.883
20 17106.715
22 17301.466
24 17192.900
2 16726.604
4 16738.268
6 16808.377
8 17037.855
10 16712.885
12 16791.765
14 16951.795
16 17059.747
18 17075.531
20 17119.611
22 17151.880
24 17386.172
2 16689.438
4 16731.738
6 16693.385
8 16763.183
10 16990.332
12 16811.278
14 16882.992
16 17001.998
18 17034.788
20 17135.905
22 17274.593
24 17233.386
2 16685.683
4 16730.576
6 16695.172
8 16675.739
10 16740.123
12 16767.803
14 16925.768
16 16982.494
18 17010.494
20 17079.816
22 17086.096
24 17233.817
2 16652.019
4 16788.241
6 16733.740
8 16758.620
10 16861.291
12 16707.677
14 16993.714
16 16970.471
18 17076.947
20 17115.554
22 17150.572
24 17227.330
2 16716.694
4 16841.496
6 16819.190
8 16706.162
10 16728.411
12 16752.851
14 16890.631
16 17099.243
18 17200.140
20 17016.184
22 16998.033
24 17385.453
2 16730.009
4 16707.575
6 16769.003
8 16775.580
10 16952.863
12 16770.359
14 16815.892
16 17079.859
18 17128.310
20 17194.286
22 17127.201
24 17486.522
2 16749.860
4 16647.836
6 16738.821
8 16643.374
10 16625.487
12 16786.118
14 16839.520
16 16941.336
18 17091.480
20 17035.522
22 17129.467
24 17215.959
2 16657.562
4 16741.556
6 16795.704
8 16753.418
10 16971.276
12 16957.341
14 16920.377
16 17093.716
18 16985.506
20 17171.961
22 17165.256
24 17331.388
2 16765.373
4 16689.310
6 16636.826
8 16730.731
10 16996.224
12 16807.855
14 17003.124
16 17052.726
18 17063.089
20 16982.692
22 17148.542
24 17181.940
