2 1890.901
4 1884.827
6 1876.440
8 1881.952
10 1892.161
12 1897.515
14 1964.699
16 2018.156
18 2038.303
20 2034.713
22 2067.936
24 6572.035
2 1909.894
4 1880.290
6 1875.406
8 1886.492
10 1896.799
12 1904.225
14 1927.075
16 2001.710
18 2009.820
20 1996.306
22 2031.368
24 6510.590
2 1881.395
4 1880.116
6 1880.877
8 1877.186
10 1893.674
12 1925.194
14 1943.334
16 1985.161
18 2040.235
20 2031.350
22 2027.778
24 6491.263
2 1873.863
4 1878.171
6 1878.909
8 1879.866
10 1895.935
12 1907.127
14 1925.660
16 1990.580
18 1983.112
20 2116.305
22 2056.556
24 6548.646
2 1871.885
4 1883.092
6 1898.640
8 1878.201
10 1894.545
12 1933.487
14 1917.731
16 1960.893
18 2031.078
20 2014.091
22 2034.969
24 6545.029
2 1875.417
4 1890.173
6 1876.155
8 1883.312
10 1894.575
12 1957.613
14 1970.050
16 2004.389
18 2037.295
20 2029.705
22 2044.197
24 6499.099
2 1895.887
4 1883.628
6 1878.422
8 1877.708
10 1905.250
12 1915.788
14 1926.634
16 1958.540
18 2006.965
20 2006.321
22 2032.734
24 6520.759
2 1897.194
4 1878.385
6 1886.589
8 1878.352
10 1885.889
12 1924.370
14 1967.916
16 1991.227
18 2023.300
20 2061.830
22 2036.290
24 6597.263
2 1879.065
4 1881.117
6 1875.250
8 1877.147
10 1878.426
12 1923.531
14 1974.396
16 2004.660
18 1968.939
20 2054.028
22 2037.634
24 6514.169
2 1883.875
4 1882.898
6 1892.791
8 1932.672
10 1892.675
12 1899.663
14 1961.367
16 1971.718
18 1993.100
20 2017.831
22 2037.018
24 6539.409
