2 9977.371
4 10107.112
6 10051.455
8 10092.457
10 10078.188
12 10024.473
14 10390.178
16 10382.506
18 10337.208
20 10480.793
22 10903.823
24 10840.614
2 9999.787
4 10063.907
6 10033.917
8 10018.475
10 10052.194
12 10139.287
14 10182.358
16 10350.889
18 10537.600
20 10468.223
22 10623.049
24 10691.496
2 9986.388
4 10043.664
6 9988.332
8 10029.595
10 10008.214
12 10137.281
14 10250.657
16 10491.403
18 10509.974
20 10430.078
22 10772.846
24 10835.430
2 9992.607
4 10081.195
6 10015.358
8 10030.810
10 10037.953
12 10135.895
14 10276.384
16 10392.982
18 10705.326
20 10444.010
22 10565.606
24 10575.117
2 10001.947
4 10039.916
6 10043.939
8 10045.911
10 10054.554
12 10029.912
14 10174.920
16 10356.612
18 10469.014
20 10531.189
22 10772.924
24 10578.207
2 10009.121
4 9998.062
6 10071.736
8 10070.883
10 10147.321
12 10059.308
14 10135.251
16 10522.863
18 10551.240
20 10541.446
22 10912.047
24 10653.439
2 9986.247
4 10020.372
6 10096.136
8 9977.460
10 10033.081
12 10153.336
14 10128.825
16 10321.857
18 10464.380
20 10466.083
22 10549.369
24 11073.735
2 9998.820
4 9983.390
6 10019.986
8 10142.388
10 10208.620
12 10165.166
14 10244.196
16 10481.494
18 10420.291
20 10638.282
22 10614.790
24 10770.630
2 9988.740
4 9995.205
6 10000.786
8 9994.385
10 10028.589
12 10076.789
14 10196.133
16 10361.415
18 10493.431
20 10415.958
22 10563.148
24 10655.957
2 9976.837
4 9998.008
6 10036.665
8 10069.611
10 10037.003
12 10043.002
14 10281.156
16 10385.764
18 10410.165
20 10581.257
22 10569.065
24 10608.914
