2 836.770
4 840.437
6 837.694
8 836.412
10 836.518
12 840.083
14 837.760
16 836.302
18 836.976
20 836.699
22 839.080
24 839.297
2 839.071
4 836.647
6 841.056
8 836.744
10 836.885
12 837.612
14 836.842
16 841.166
18 838.548
20 837.464
22 837.746
24 840.046
2 839.121
4 837.384
6 836.488
8 836.687
10 839.227
12 862.110
14 866.218
16 859.843
18 865.195
20 842.634
22 837.368
24 837.173
2 883.422
4 854.143
6 836.566
8 857.585
10 857.650
12 839.961
14 855.621
16 836.948
18 837.271
20 893.744
22 863.910
24 845.536
2 836.858
4 840.473
6 863.709
8 836.774
10 837.017
12 848.329
14 836.794
16 837.256
18 862.667
20 862.957
22 932.008
24 857.999
2 848.660
4 858.759
6 840.240
8 856.189
10 863.559
12 855.935
14 853.272
16 857.131
18 861.952
20 862.958
22 836.335
24 861.159
2 862.377
4 836.703
6 863.806
8 865.781
10 837.743
12 859.121
14 858.432
16 859.296
18 858.235
20 856.130
22 862.903
24 836.831
2 840.223
4 837.201
6 861.509
8 836.591
10 846.688
12 851.136
14 855.168
16 836.811
18 836.543
20 867.488
22 851.834
24 854.330
2 862.431
4 839.818
6 836.906
8 862.215
10 861.888
12 863.673
14 836.855
16 836.788
18 862.005
20 836.529
22 864.052
24 862.563
2 862.861
4 859.584
6 865.228
8 836.708
10 837.183
12 857.365
14 836.440
16 861.280
18 836.986
20 863.178
22 836.672
24 840.080
