2 1545.837
4 1555.034
6 1548.840
8 1547.861
10 1553.152
12 1554.939
14 1661.514
16 1638.495
18 1791.778
20 1805.597
22 1915.988
24 5648.599
2 1567.813
4 1640.615
6 1548.822
8 1548.913
10 1548.177
12 1608.813
14 1870.515
16 1930.957
18 1833.520
20 2051.064
22 2099.784
24 6516.196
2 1569.398
4 1540.958
6 1543.091
8 1552.005
10 1549.882
12 1625.977
14 1675.140
16 1916.771
18 1879.436
20 2016.321
22 2070.416
24 6567.403
2 1567.474
4 1546.710
6 1553.354
8 1548.056
10 1551.202
12 1563.989
14 1860.455
16 1800.467
18 2040.956
20 2038.688
22 2100.098
24 6588.355
2 1546.759
4 1540.881
6 1551.245
8 1549.899
10 1547.682
12 1682.089
14 1684.173
16 1838.320
18 1905.975
20 2023.783
22 2064.543
24 6509.780
2 1558.200
4 1549.285
6 1541.269
8 1549.781
10 1549.474
12 1667.300
14 1784.489
16 1839.168
18 1859.285
20 1953.522
22 2052.025
24 6617.771
2 1541.660
4 1541.608
6 1542.440
8 1555.509
10 1552.732
12 1550.656
14 1799.731
16 1865.191
18 2040.772
20 1967.652
22 2087.779
24 6551.447
2 1542.862
4 1540.078
6 1550.208
8 1546.843
10 1546.529
12 1619.846
14 1687.674
16 1880.745
18 2028.770
20 1925.072
22 2102.618
24 6525.212
2 1594.302
4 1561.622
6 1568.580
8 1558.972
10 1550.483
12 1549.952
14 1712.982
16 1689.703
18 2012.819
20 2036.058
22 2072.490
24 6426.050
2 1543.868
4 1556.369
6 1541.372
8 1547.244
10 1550.510
12 1661.195
14 1877.139
16 1961.696
18 1955.920
20 2009.588
22 2099.017
24 6581.970
