2 102.775
4 107.866
6 82.734
8 101.750
10 82.685
12 108.237
14 82.614
16 109.213
18 82.648
20 106.514
22 99.010
24 83.106
2 86.275
4 83.088
6 84.717
8 82.803
10 107.634
12 83.732
14 83.919
16 106.833
18 95.393
20 85.475
22 83.153
24 107.857
2 82.748
4 108.298
6 82.553
8 104.227
10 94.884
12 104.160
14 107.431
16 100.850
18 107.642
20 82.635
22 82.606
24 108.678
2 107.043
4 107.859
6 103.870
8 107.081
10 85.659
12 107.740
14 102.343
16 108.184
18 82.651
20 99.363
22 82.793
24 107.124
2 108.095
4 100.906
6 87.882
8 109.664
10 107.816
12 105.854
14 82.573
16 82.807
18 82.721
20 82.602
22 82.727
24 82.628
2 82.575
4 82.497
6 82.574
8 83.686
10 82.833
12 82.602
14 83.073
16 82.699
18 82.787
20 82.578
22 84.856
24 82.538
2 82.562
4 83.756
6 82.568
8 82.546
10 83.458
12 82.572
14 82.723
16 82.828
18 82.571
20 82.897
22 82.542
24 82.575
2 82.540
4 82.791
6 82.602
8 83.682
10 84.309
12 83.413
14 82.591
16 82.546
18 82.718
20 85.688
22 82.647
24 82.647
2 82.956
4 82.598
6 82.843
8 83.513
10 82.636
12 82.542
14 82.686
16 82.892
18 82.803
20 82.573
22 82.590
24 85.668
2 82.560
4 82.619
6 82.585
8 82.658
10 82.940
12 84.792
14 82.569
16 82.610
18 82.570
20 83.435
22 82.504
24 82.752
