2 902.997
4 913.083
6 910.838
8 914.464
10 922.834
12 924.832
14 987.548
16 1011.446
18 1110.604
20 1194.096
22 1326.588
24 1421.116
2 909.518
4 916.272
6 903.598
8 912.259
10 922.859
12 926.868
14 1037.470
16 1218.388
18 1195.864
20 1280.621
22 1370.342
24 1402.947
2 902.639
4 913.245
6 903.937
8 904.763
10 924.170
12 943.413
14 967.746
16 1069.251
18 1124.760
20 1235.807
22 1358.494
24 1418.639
2 903.035
4 913.218
6 903.911
8 904.066
10 933.083
12 926.240
14 956.733
16 980.897
18 1075.831
20 1212.497
22 1322.869
24 1526.642
2 902.813
4 916.084
6 903.337
8 908.726
10 923.947
12 992.465
14 1008.647
16 1053.345
18 970.371
20 1197.856
22 1331.731
24 1422.687
2 901.918
4 914.841
6 906.502
8 904.359
10 925.893
12 924.730
14 1010.715
16 1014.680
18 932.234
20 1238.744
22 1394.922
24 1519.416
2 903.177
4 914.968
6 904.454
8 937.995
10 926.201
12 944.800
14 1035.210
16 1003.003
18 1078.230
20 1113.940
22 1364.396
24 1682.791
2 915.149
4 917.386
6 902.990
8 922.546
10 924.053
12 927.122
14 1015.929
16 997.164
18 1177.081
20 1323.054
22 1406.726
24 1613.456
2 904.035
4 915.984
6 903.226
8 903.730
10 926.699
12 914.662
14 1036.783
16 992.921
18 1190.768
20 1274.342
22 1224.444
24 1633.444
2 902.258
4 914.090
6 910.418
8 914.276
10 923.338
12 923.867
14 1032.364
16 1043.893
18 1143.462
20 1295.861
22 1350.683
24 1619.813
