2 9723.404
4 9668.376
6 9640.911
8 9700.743
10 9670.331
12 9698.054
14 9636.200
16 9683.780
18 9665.905
20 9616.191
22 9699.001
24 9689.405
2 9625.776
4 9675.651
6 9611.398
8 9653.707
10 9633.170
12 9709.776
14 9617.802
16 9732.398
18 9660.889
20 9647.305
22 9612.991
24 9643.451
2 9685.386
4 9599.252
6 9723.889
8 9692.946
10 9651.002
12 9629.520
14 9655.989
16 9735.933
18 9756.846
20 9650.436
22 9682.303
24 9628.268
2 9637.495
4 9672.468
6 9675.652
8 9662.607
10 9625.600
12 9654.955
14 9638.115
16 9666.070
18 9637.599
20 9663.647
22 9686.873
24 9682.700
2 9614.498
4 9664.303
6 9664.364
8 9648.110
10 9681.040
12 9647.721
14 9678.397
16 9692.723
18 9663.534
20 9658.989
22 9652.396
24 9670.135
2 9608.014
4 9677.638
6 9657.086
8 9656.539
10 9598.620
12 9707.809
14 9619.031
16 9677.156
18 9642.571
20 9625.006
22 9665.518
24 9683.528
2 9711.788
4 9644.006
6 9684.569
8 9625.917
10 9683.801
12 9609.384
14 9685.804
16 9645.453
18 9603.889
20 9679.996
22 9656.441
24 9637.868
2 9625.062
4 9596.606
6 9718.056
8 9644.918
10 9650.714
12 9648.410
14 9707.087
16 9658.677
18 9626.825
20 9666.753
22 9641.881
24 9630.144
2 9665.316
4 9667.514
6 9669.621
8 9640.410
10 9654.568
12 9676.160
14 9647.069
16 9704.502
18 9688.834
20 9646.578
22 9642.696
24 9656.202
2 9602.209
4 10166.116
6 9640.720
8 9628.464
10 9694.393
12 9644.849
14 9668.636
16 9649.181
18 9617.007
20 9602.457
22 9646.781
24 9641.070
