2 1001.074
4 835.722
6 795.262
8 801.939
10 819.794
12 846.702
14 885.289
16 942.328
18 997.050
20 1039.439
22 1097.098
24 1145.489
2 1039.703
4 842.049
6 827.815
8 808.354
10 804.403
12 860.608
14 892.660
16 935.821
18 983.142
20 1056.790
22 1089.222
24 1440.980
2 1017.518
4 822.782
6 858.743
8 778.170
10 813.020
12 834.624
14 897.976
16 951.548
18 974.621
20 1029.083
22 1057.806
24 1147.443
2 1013.992
4 832.756
6 851.111
8 815.313
10 945.841
12 867.005
14 914.390
16 936.878
18 991.755
20 1023.959
22 1086.910
24 1170.935
2 1034.269
4 838.548
6 823.501
8 813.981
10 813.873
12 851.107
14 882.466
16 957.952
18 939.924
20 1052.627
22 1089.560
24 1136.994
2 1004.035
4 829.657
6 801.681
8 811.591
10 812.651
12 829.737
14 906.325
16 944.980
18 1000.698
20 1074.656
22 1073.326
24 1140.914
2 1017.644
4 825.929
6 850.995
8 847.494
10 833.668
12 814.078
14 890.956
16 954.997
18 1003.967
20 1055.028
22 1077.490
24 1336.627
2 1012.177
4 832.760
6 802.148
8 818.420
10 800.023
12 851.162
14 895.405
16 947.289
18 993.864
20 1031.166
22 1078.982
24 1082.095
2 1031.584
4 858.909
6 845.964
8 849.108
10 803.516
12 852.329
14 878.443
16 945.701
18 973.789
20 1046.027
22 1104.217
24 1152.332
2 1008.223
4 829.773
6 852.103
8 825.503
10 812.451
12 866.938
14 879.380
16 920.904
18 1006.121
20 1041.845
22 1084.323
24 1158.657
