2 19493.669
4 19379.750
6 19375.711
8 19368.064
10 19704.910
12 19411.106
14 19568.547
16 19861.627
18 19853.146
20 19902.578
22 20080.608
24 19869.446
2 19501.143
4 19532.983
6 19537.247
8 19485.938
10 19423.452
12 19700.691
14 19680.258
16 19827.598
18 20276.542
20 20014.529
22 19878.665
24 20219.522
2 19485.135
4 19551.090
6 19459.543
8 19419.831
10 19765.853
12 19705.615
14 19701.306
16 19824.895
18 19839.791
20 19906.497
22 20061.458
24 19978.462
2 19373.500
4 19522.166
6 19486.924
8 19430.327
10 19535.173
12 19594.848
14 19733.093
16 19829.902
18 19837.178
20 19906.998
22 20042.694
24 20058.148
2 19463.028
4 19404.934
6 19477.407
8 19557.452
10 19379.027
12 19394.700
14 19745.925
16 19720.984
18 19817.380
20 19842.412
22 19805.457
24 19921.994
2 19507.004
4 19353.611
6 19627.539
8 19589.721
10 19495.764
12 19569.425
14 19732.047
16 19856.320
18 19879.755
20 19896.129
22 19872.613
24 20092.209
2 19525.660
4 19379.612
6 19527.805
8 19639.198
10 19554.225
12 19539.669
14 19793.852
16 19798.257
18 19920.076
20 19821.281
22 20202.403
24 20110.024
2 19472.611
4 19524.810
6 19474.421
8 19622.357
10 19627.741
12 19697.643
14 19686.695
16 19754.113
18 19829.704
20 19870.707
22 19885.340
24 19891.050
2 19394.215
4 19510.959
6 19550.543
8 19514.411
10 19642.191
12 19592.833
14 19612.876
16 19863.405
18 19883.582
20 19917.180
22 19907.778
24 19971.520
2 19371.711
4 19611.437
6 19527.131
8 19405.284
10 19404.098
12 19603.190
14 19758.797
16 19833.373
18 19931.575
20 19946.706
22 19905.463
24 20162.578
