2 19382.762
4 19309.497
6 19394.034
8 19319.439
10 19253.071
12 19273.960
14 19358.430
16 19580.872
18 19784.955
20 19728.792
22 19926.334
24 19764.633
2 19387.109
4 19287.347
6 19439.514
8 19492.936
10 19465.161
12 19361.194
14 19498.573
16 19617.314
18 19855.578
20 19640.017
22 19729.686
24 19928.424
2 19357.385
4 19305.550
6 19305.174
8 19564.303
10 19417.840
12 19544.195
14 19495.677
16 19694.009
18 19781.032
20 19727.610
22 19751.433
24 19854.407
2 19370.339
4 19387.105
6 19356.985
8 19414.629
10 19470.437
12 19471.717
14 19459.897
16 19743.549
18 19761.862
20 19700.958
22 19919.306
24 19873.323
2 19293.194
4 19457.877
6 19415.570
8 19400.377
10 19279.467
12 19321.408
14 19471.068
16 19662.212
18 19605.864
20 19818.534
22 19693.837
24 20008.648
2 19383.015
4 19234.725
6 19236.622
8 19415.600
10 19492.694
12 19502.721
14 19446.013
16 19746.889
18 19625.441
20 20009.499
22 19871.261
24 19866.964
2 19398.628
4 19401.583
6 19437.168
8 19423.257
10 19560.991
12 19277.638
14 19394.294
16 19873.191
18 19721.272
20 19685.350
22 20372.117
24 20349.908
2 19244.847
4 19414.702
6 19415.142
8 19476.793
10 19267.966
12 19516.575
14 19614.275
16 19689.788
18 19752.002
20 19813.283
22 19757.453
24 19814.438
2 19228.123
4 19405.063
6 19324.111
8 19411.027
10 19366.863
12 19499.095
14 19576.279
16 19528.207
18 19636.952
20 19747.205
22 19783.288
24 19936.517
2 19241.444
4 19387.856
6 19382.181
8 19334.551
10 19579.254
12 19497.822
14 19555.000
16 19684.706
18 19711.604
20 20012.597
22 19774.513
24 19789.330
