2 102.998
4 104.207
6 103.247
8 103.403
10 105.371
12 105.286
14 107.496
16 142.225
18 153.043
20 158.230
22 160.493
24 251.846
2 102.974
4 103.988
6 103.227
8 103.595
10 105.905
12 107.172
14 155.097
16 152.692
18 154.151
20 152.536
22 155.485
24 159.593
2 103.588
4 104.591
6 103.110
8 106.233
10 105.201
12 105.518
14 133.026
16 107.458
18 109.863
20 156.100
22 156.145
24 161.740
2 102.864
4 104.056
6 103.208
8 103.717
10 105.666
12 106.260
14 111.197
16 139.672
18 146.563
20 136.801
22 140.627
24 160.050
2 103.459
4 104.548
6 103.212
8 103.837
10 105.153
12 105.465
14 133.419
16 106.027
18 159.273
20 151.944
22 159.187
24 162.506
2 102.883
4 104.531
6 103.406
8 103.980
10 105.419
12 105.546
14 104.580
16 104.399
18 106.730
20 110.220
22 155.429
24 156.978
2 103.408
4 104.030
6 103.682
8 105.941
10 105.320
12 105.565
14 152.637
16 151.908
18 141.887
20 133.441
22 136.521
24 170.296
2 102.935
4 107.774
6 103.892
8 103.605
10 105.787
12 144.000
14 151.298
16 151.170
18 152.543
20 152.449
22 153.725
24 157.090
2 106.252
4 104.506
6 103.722
8 103.439
10 105.328
12 103.973
14 104.267
16 105.774
18 153.054
20 151.300
22 155.496
24 183.145
2 102.975
4 104.010
6 103.441
8 103.280
10 105.391
12 105.705
14 104.246
16 147.569
18 152.318
20 154.568
22 157.738
24 168.255
