2 5470.664
4 2961.953
6 2158.355
8 1821.737
10 1671.483
12 1620.306
14 1693.337
16 1577.426
18 1648.595
20 2016.174
22 2165.733
24 2201.606
2 5447.780
4 2938.694
6 2185.622
8 1850.934
10 1665.992
12 1708.752
14 1679.647
16 1868.260
18 1875.184
20 1882.580
22 2197.603
24 2192.477
2 5449.478
4 2922.408
6 2160.083
8 1833.998
10 1650.701
12 1688.952
14 1574.337
16 1707.440
18 1695.897
20 2189.988
22 2163.242
24 2192.766
2 5455.780
4 2918.588
6 2159.907
8 1837.062
10 1653.983
12 1554.954
14 1555.400
16 1656.593
18 1659.709
20 2129.201
22 2164.375
24 2254.613
2 5450.739
4 2953.966
6 2179.263
8 1841.170
10 1657.145
12 1585.131
14 1752.961
16 1628.367
18 2062.655
20 2065.750
22 2149.260
24 2181.878
2 5464.265
4 2926.874
6 2190.587
8 1837.848
10 1677.088
12 1546.511
14 1565.908
16 1522.032
18 1889.995
20 1949.315
22 2142.122
24 2263.071
2 5442.934
4 2950.735
6 2157.831
8 1832.453
10 1652.219
12 1605.150
14 1778.609
16 1796.555
18 1813.976
20 1721.156
22 2197.918
24 2182.093
2 5456.618
4 2971.073
6 2175.580
8 1839.742
10 1648.224
12 1620.733
14 1762.596
16 1829.773
18 1831.111
20 2124.899
22 2212.547
24 2252.185
2 5449.290
4 2926.156
6 2168.305
8 1828.036
10 1674.969
12 1606.828
14 1769.471
16 1888.699
18 1987.335
20 1684.495
22 2121.079
24 2172.719
2 5468.479
4 2937.007
6 2195.208
8 1846.226
10 1649.506
12 1688.821
14 1615.973
16 1696.392
18 1605.605
20 1794.539
22 2251.178
24 2189.406
