2 94.206
4 115.239
6 94.002
8 107.107
10 98.026
12 118.320
14 94.045
16 112.776
18 97.850
20 94.117
22 94.047
24 94.000
2 94.106
4 97.257
6 113.246
8 108.036
10 106.717
12 94.132
14 114.332
16 119.538
18 111.262
20 99.304
22 94.730
24 118.779
2 94.041
4 93.977
6 93.966
8 119.690
10 118.467
12 94.028
14 117.615
16 118.562
18 93.989
20 115.623
22 94.004
24 94.078
2 115.012
4 120.228
6 109.792
8 119.225
10 94.147
12 94.134
14 94.995
16 94.006
18 99.443
20 118.061
22 112.242
24 120.492
2 94.058
4 119.713
6 94.006
8 95.241
10 94.089
12 94.129
14 94.254
16 94.093
18 93.978
20 94.132
22 95.414
24 94.056
2 93.953
4 93.981
6 93.973
8 94.066
10 95.555
12 94.310
14 95.401
16 94.003
18 94.051
20 94.069
22 94.053
24 94.306
2 93.964
4 95.388
6 94.046
8 94.011
10 93.990
12 94.170
14 94.012
16 94.231
18 94.062
20 94.366
22 94.252
24 94.093
2 94.106
4 94.064
6 93.936
8 94.102
10 94.113
12 97.547
14 94.134
16 95.620
18 94.115
20 94.135
22 94.091
24 93.998
2 94.267
4 94.203
6 94.348
8 94.142
10 94.134
12 94.114
14 93.981
16 94.037
18 94.063
20 94.300
22 94.129
24 94.145
2 94.096
4 94.213
6 94.015
8 95.296
10 93.943
12 94.128
14 93.964
16 94.118
18 94.030
20 93.983
22 93.938
24 94.045
2 96.244
4 96.333
6 99.664
8 96.280
10 96.312
12 96.441
14 96.783
16 96.248
18 96.356
20 96.753
22 96.286
24 96.337
2 96.557
4 96.442
6 96.264
8 96.280
10 96.226
12 96.292
14 96.720
16 96.311
18 96.257
20 96.271
22 96.341
24 96.254
2 96.283
4 96.309
6 96.243
8 96.235
10 96.247
12 124.037
14 96.277
16 96.258
18 96.421
20 96.295
22 96.241
24 122.816
2 120.462
4 99.822
6 96.325
8 96.304
10 100.315
12 121.607
14 96.245
16 96.239
18 96.313
20 96.285
22 96.420
24 96.265
2 96.254
4 96.281
6 96.273
8 96.363
10 98.258
12 96.466
14 96.268
16 96.351
18 96.475
20 96.243
22 96.462
24 96.271
2 96.299
4 96.321
6 96.377
8 96.734
10 96.276
12 96.555
14 96.304
16 96.729
18 96.231
20 96.309
22 96.308
24 96.246
2 96.316
4 96.275
6 96.579
8 96.279
10 96.328
12 96.515
14 96.333
16 96.304
18 96.248
20 96.310
22 96.294
24 96.399
2 96.302
4 96.410
6 96.294
8 96.561
10 96.266
12 96.498
14 96.267
16 96.294
18 96.275
20 96.326
22 96.317
24 96.244
2 96.247
4 96.222
6 96.235
8 96.279
10 96.375
12 96.300
14 96.511
16 96.293
18 96.454
20 96.292
22 96.737
24 96.524
2 96.275
4 96.276
6 96.230
8 96.500
10 96.269
12 96.309
14 96.320
16 96.275
18 96.292
20 96.410
22 96.244
24 96.566
