2 107.705
4 108.782
6 108.416
8 108.785
10 110.300
12 109.974
14 112.203
16 123.776
18 123.201
20 138.571
22 148.934
24 172.009
2 108.049
4 108.887
6 108.284
8 108.704
10 110.643
12 110.067
14 109.654
16 167.201
18 166.260
20 122.302
22 142.207
24 167.622
2 108.085
4 111.933
6 109.051
8 110.187
10 112.897
12 110.032
14 111.579
16 163.259
18 110.564
20 166.116
22 172.355
24 169.883
2 109.794
4 113.891
6 108.493
8 108.825
10 113.549
12 110.073
14 109.770
16 164.331
18 165.591
20 145.996
22 163.947
24 177.396
2 109.445
4 108.799
6 108.350
8 109.227
10 110.038
12 110.392
14 145.410
16 115.837
18 160.780
20 122.981
22 162.779
24 191.462
2 108.179
4 109.029
6 108.275
8 109.322
10 109.966
12 125.510
14 109.695
16 135.416
18 165.028
20 165.943
22 166.587
24 171.873
2 108.105
4 109.242
6 108.559
8 108.535
10 110.233
12 123.759
14 151.786
16 109.782
18 117.367
20 129.078
22 128.685
24 209.468
2 128.182
4 122.098
6 114.192
8 108.665
10 126.078
12 109.919
14 147.309
16 145.937
18 146.256
20 166.578
22 152.177
24 196.318
2 108.113
4 108.635
6 108.324
8 109.011
10 110.097
12 110.241
14 137.696
16 125.054
18 140.627
20 164.350
22 165.418
24 171.584
2 108.516
4 108.662
6 108.386
8 109.414
10 117.723
12 110.020
14 109.424
16 127.388
18 117.771
20 140.936
22 167.159
24 182.254
2 109.026
4 112.727
6 109.296
8 109.697
10 113.726
12 112.105
14 110.463
16 110.640
18 117.157
20 130.025
22 153.409
24 183.305
2 109.162
4 109.973
6 112.931
8 109.431
10 111.453
12 111.242
14 139.437
16 112.691
18 114.867
20 155.527
22 175.106
24 176.368
2 111.718
4 110.688
6 109.262
8 109.629
10 111.222
12 111.738
14 110.504
16 131.163
18 120.147
20 120.315
22 165.648
24 218.275
2 109.028
4 109.954
6 109.433
8 109.615
10 109.071
12 111.342
14 133.923
16 111.142
18 168.715
20 111.213
22 168.800
24 166.786
2 109.908
4 109.909
6 109.235
8 112.607
10 111.317
12 111.238
14 131.564
16 170.247
18 166.798
20 173.408
22 161.439
24 169.795
2 109.046
4 109.643
6 109.493
8 110.321
10 111.590
12 111.492
14 110.427
16 113.383
18 133.690
20 170.944
22 170.445
24 184.093
2 109.090
4 109.906
6 109.578
8 109.799
10 114.557
12 111.613
14 110.440
16 111.707
18 158.896
20 167.262
22 167.414
24 195.447
2 109.227
4 110.785
6 109.333
8 109.599
10 111.505
12 110.252
14 116.871
16 166.670
18 111.777
20 166.633
22 112.071
24 169.732
2 111.669
4 110.350
6 109.346
8 109.642
10 111.497
12 111.887
14 168.655
16 165.118
18 122.403
20 165.945
22 170.985
24 172.497
2 109.187
4 110.358
6 109.553
8 109.609
10 111.115
12 112.601
14 110.485
16 112.372
18 113.865
20 151.595
22 166.906
24 273.973
