2 1444.353
4 1587.823
6 1789.927
8 1920.890
10 2161.541
12 2362.210
14 2495.458
16 2760.404
18 3007.462
20 3133.419
22 3380.915
24 3527.405
2 1462.177
4 1619.190
6 1770.397
8 1929.543
10 2194.166
12 2425.575
14 2628.114
16 2772.850
18 3003.780
20 3028.458
22 3313.277
24 3628.341
2 1460.521
4 1611.390
6 1769.160
8 1964.494
10 2137.871
12 2401.632
14 2587.511
16 2827.720
18 2972.447
20 3218.893
22 3185.010
24 3799.149
2 1448.815
4 1563.899
6 1754.438
8 1920.834
10 2163.259
12 2429.306
14 2568.391
16 2810.163
18 2930.834
20 3132.525
22 3337.570
24 3309.621
2 1472.924
4 1593.751
6 1797.135
8 1960.984
10 2164.028
12 2404.467
14 2602.095
16 2777.229
18 2924.558
20 3164.095
22 3337.131
24 3767.267
2 1451.127
4 1584.689
6 1808.042
8 1935.932
10 2227.671
12 2438.328
14 2621.116
16 2753.641
18 2843.393
20 3229.966
22 3389.794
24 3606.227
2 1480.307
4 1619.592
6 1814.534
8 1965.824
10 2186.038
12 2406.816
14 2592.967
16 2784.200
18 2969.931
20 3103.126
22 3341.573
24 3554.822
2 1410.522
4 1605.498
6 1782.601
8 2001.580
10 2178.355
12 2362.449
14 2595.035
16 2685.743
18 3017.867
20 3163.576
22 3333.298
24 3745.891
2 1432.914
4 1586.322
6 1771.459
8 1969.234
10 2167.766
12 2382.879
14 2602.365
16 2814.285
18 2961.287
20 3062.522
22 3437.757
24 3615.657
2 1429.214
4 1610.877
6 1768.548
8 1917.529
10 2181.988
12 2449.773
14 2538.962
16 2726.430
18 2995.064
20 3163.612
22 3383.768
24 3632.979
