2 9674.713
4 9678.177
6 9779.520
8 9767.794
10 9870.934
12 9636.903
14 9791.671
16 10041.142
18 10089.997
20 10217.599
22 10444.588
24 10186.113
2 9620.356
4 9651.036
6 9686.010
8 9661.004
10 9718.584
12 9693.440
14 9870.229
16 10052.053
18 10075.557
20 10029.644
22 10438.970
24 10367.660
2 9623.465
4 9638.001
6 9750.109
8 9633.871
10 9797.543
12 9802.869
14 9793.221
16 10131.242
18 10050.694
20 10181.865
22 10406.574
24 10408.473
2 9656.625
4 9675.747
6 9640.531
8 9640.632
10 9636.542
12 9802.231
14 9991.419
16 9910.611
18 10133.223
20 10123.902
22 10231.550
24 10336.959
2 9628.612
4 9676.436
6 9668.001
8 9775.665
10 9685.517
12 9743.618
14 9945.681
16 9940.592
18 10165.586
20 10114.356
22 10229.799
24 10386.251
2 9626.661
4 9687.854
6 9766.925
8 9709.533
10 9692.140
12 9681.711
14 9856.444
16 9952.479
18 10132.033
20 10156.576
22 10248.072
24 10173.804
2 9653.628
4 9672.804
6 9691.442
8 9723.461
10 9677.146
12 9654.329
14 9792.385
16 10035.870
18 10246.126
20 10104.795
22 10120.638
24 10332.344
2 9620.217
4 9662.688
6 9666.347
8 9654.662
10 9678.563
12 9740.403
14 9831.504
16 10036.742
18 9975.945
20 10124.349
22 10139.673
24 10336.812
2 9624.175
4 9633.041
6 9626.232
8 9872.196
10 9732.511
12 9674.922
14 9873.706
16 10060.991
18 10045.639
20 10117.474
22 10155.685
24 10317.320
2 9616.020
4 9642.658
6 9686.946
8 9670.333
10 9792.589
12 9697.766
14 9972.790
16 10029.228
18 10109.939
20 10069.211
22 10034.377
24 10223.868
