2 110.588
4 109.860
6 109.251
8 109.237
10 110.603
12 110.853
14 124.673
16 168.441
18 115.152
20 127.337
22 168.985
24 169.143
2 108.776
4 110.387
6 110.580
8 112.219
10 111.013
12 112.265
14 111.258
16 128.429
18 169.364
20 168.189
22 173.567
24 173.007
2 109.158
4 109.618
6 112.049
8 110.468
10 110.882
12 112.002
14 112.111
16 149.187
18 169.555
20 168.438
22 168.946
24 177.273
2 108.833
4 110.200
6 109.553
8 109.860
10 110.664
12 110.998
14 174.315
16 116.552
18 170.147
20 167.400
22 183.528
24 173.601
2 112.465
4 109.833
6 109.657
8 111.113
10 110.845
12 110.809
14 111.778
16 166.691
18 123.940
20 168.372
22 167.732
24 175.809
2 109.464
4 110.001
6 109.245
8 109.513
10 110.812
12 111.329
14 153.678
16 166.045
18 162.322
20 169.922
22 169.288
24 170.031
2 109.109
4 109.407
6 109.829
8 112.052
10 112.811
12 142.562
14 151.135
16 169.161
18 169.340
20 132.377
22 169.581
24 212.219
2 109.149
4 110.348
6 110.408
8 109.640
10 111.051
12 111.766
14 150.107
16 152.841
18 167.593
20 168.842
22 165.676
24 200.600
2 109.053
4 110.036
6 109.620
8 109.619
10 110.858
12 110.657
14 149.468
16 118.835
18 123.307
20 167.505
22 169.732
24 169.366
2 109.809
4 110.097
6 109.432
8 109.744
10 110.774
12 111.014
14 110.299
16 128.875
18 117.287
20 114.573
22 158.935
24 182.648
