2 153.529
4 171.397
6 195.975
8 198.782
10 236.513
12 256.555
14 264.749
16 284.919
18 312.966
20 313.597
22 341.929
24 325.354
2 156.451
4 169.561
6 192.602
8 203.686
10 221.400
12 247.328
14 242.721
16 279.438
18 300.978
20 323.059
22 348.842
24 392.470
2 157.884
4 169.567
6 177.426
8 212.351
10 234.015
12 247.889
14 252.307
16 292.934
18 300.965
20 314.776
22 340.197
24 398.223
2 156.440
4 170.304
6 186.927
8 206.507
10 221.606
12 235.738
14 256.139
16 292.103
18 311.329
20 308.182
22 337.833
24 358.087
2 157.956
4 171.719
6 155.476
8 200.237
10 229.144
12 249.418
14 270.258
16 290.708
18 302.157
20 319.370
22 350.307
24 378.307
2 160.074
4 172.702
6 187.646
8 201.601
10 222.683
12 245.355
14 261.205
16 276.723
18 299.753
20 303.374
22 348.726
24 358.796
2 158.326
4 172.682
6 192.471
8 206.092
10 210.293
12 246.294
14 267.940
16 282.248
18 307.642
20 319.545
22 335.251
24 407.962
2 154.856
4 172.950
6 184.041
8 203.215
10 233.453
12 247.109
14 267.252
16 274.594
18 274.628
20 323.015
22 309.579
24 375.733
2 158.171
4 169.203
6 191.584
8 201.548
10 209.835
12 232.968
14 267.318
16 287.509
18 315.594
20 322.141
22 331.584
24 352.928
2 158.154
4 169.898
6 190.417
8 204.734
10 227.833
12 237.470
14 261.741
16 286.879
18 309.078
20 303.300
22 343.956
24 347.162
