2 740.092
4 740.062
6 744.520
8 767.205
10 742.363
12 742.659
14 877.026
16 971.661
18 1141.818
20 1080.966
22 1190.827
24 1242.088
2 741.064
4 739.933
6 740.996
8 741.079
10 744.956
12 765.343
14 865.426
16 913.324
18 950.957
20 1092.458
22 1151.174
24 1245.716
2 739.296
4 742.481
6 743.270
8 741.267
10 761.551
12 742.826
14 773.546
16 771.966
18 942.809
20 1229.109
22 1084.571
24 1453.777
2 739.802
4 740.118
6 741.547
8 743.013
10 746.454
12 744.103
14 780.214
16 1022.179
18 894.994
20 1090.416
22 1211.398
24 1239.075
2 740.369
4 740.699
6 742.320
8 741.262
10 759.186
12 745.214
14 872.045
16 802.234
18 1070.866
20 924.001
22 1225.683
24 1258.163
2 739.222
4 739.894
6 764.623
8 741.284
10 742.380
12 742.456
14 768.468
16 830.981
18 869.580
20 1046.204
22 1210.422
24 1440.703
2 741.016
4 740.702
6 741.398
8 745.002
10 760.618
12 743.640
14 754.556
16 805.296
18 928.450
20 917.646
22 1110.498
24 1271.085
2 739.921
4 740.095
6 741.886
8 766.423
10 745.401
12 742.710
14 879.299
16 761.304
18 975.985
20 1237.586
22 1095.145
24 1254.796
2 742.299
4 740.085
6 744.217
8 741.173
10 766.501
12 748.522
14 780.513
16 995.380
18 992.095
20 973.895
22 1066.302
24 1237.697
2 739.177
4 739.882
6 741.836
8 760.051
10 741.776
12 773.054
14 746.996
16 779.014
18 879.492
20 1182.221
22 1164.317
24 1267.902
