2 5729.747
4 3470.130
6 2730.688
8 2776.017
10 2592.866
12 2842.915
14 3100.607
16 3347.369
18 3624.741
20 4052.828
22 4307.346
24 4656.569
2 5753.690
4 3359.240
6 2844.858
8 2556.026
10 2531.793
12 2920.566
14 3096.097
16 3386.889
18 3781.380
20 3828.056
22 4212.191
24 4660.605
2 5784.157
4 3517.527
6 2867.822
8 2610.220
10 2628.530
12 2807.892
14 3048.118
16 3243.043
18 3646.531
20 3915.590
22 4500.069
24 4535.119
2 5738.922
4 3345.396
6 2782.821
8 2655.980
10 2664.393
12 2954.983
14 3037.947
16 3190.087
18 3628.333
20 3858.009
22 4331.619
24 4581.448
2 5758.906
4 3298.478
6 2869.258
8 2653.957
10 2662.740
12 2867.154
14 3072.531
16 3379.874
18 3603.440
20 3792.045
22 4504.532
24 4642.738
2 5754.858
4 3467.710
6 2741.084
8 2763.994
10 2797.964
12 2808.766
14 3106.284
16 3309.230
18 3535.727
20 3913.851
22 4483.583
24 4476.369
2 5770.604
4 3548.528
6 2746.540
8 2712.229
10 2728.767
12 2843.895
14 3104.351
16 3243.717
18 3572.530
20 3828.352
22 4280.675
24 4409.258
2 5840.182
4 3396.599
6 2821.152
8 2719.224
10 2708.753
12 2853.375
14 3099.160
16 3474.210
18 3599.725
20 3957.361
22 4452.243
24 4543.350
2 5791.814
4 3402.546
6 2813.277
8 2668.119
10 2609.108
12 2966.006
14 3036.844
16 3301.383
18 3578.855
20 3800.225
22 4204.960
24 4623.952
2 5781.220
4 3414.053
6 2827.653
8 2499.970
10 2639.178
12 2813.661
14 3009.708
16 3481.062
18 3467.479
20 3903.553
22 4242.744
24 4523.503
