2 95.780
4 95.579
6 94.295
8 94.553
10 94.289
12 94.350
14 94.283
16 94.241
18 94.321
20 97.903
22 94.394
24 94.529
2 94.326
4 97.497
6 94.604
8 94.171
10 94.071
12 95.194
14 94.397
16 95.697
18 94.524
20 95.550
22 94.855
24 94.277
2 94.369
4 94.192
6 94.369
8 94.372
10 94.445
12 94.565
14 94.330
16 94.303
18 94.394
20 120.233
22 94.440
24 120.078
2 120.381
4 120.217
6 119.548
8 98.154
10 97.842
12 94.311
14 110.475
16 119.937
18 111.747
20 94.193
22 113.919
24 94.164
2 117.588
4 102.490
6 108.233
8 112.424
10 94.104
12 110.054
14 119.374
16 121.002
18 120.862
20 94.191
22 94.480
24 119.306
2 118.838
4 121.137
6 119.601
8 119.170
10 120.244
12 94.283
14 115.777
16 118.996
18 111.169
20 94.675
22 120.604
24 119.857
2 119.614
4 94.385
6 119.617
8 118.537
10 120.283
12 115.258
14 95.548
16 114.188
18 120.507
20 94.584
22 120.496
24 115.788
2 118.854
4 94.223
6 94.192
8 112.485
10 94.351
12 114.731
14 115.082
16 94.306
18 94.420
20 120.757
22 119.348
24 120.218
2 120.061
4 120.664
6 94.291
8 119.295
10 119.443
12 94.400
14 114.859
16 115.348
18 120.160
20 94.507
22 94.364
24 94.223
2 94.258
4 94.598
6 94.920
8 94.273
10 94.969
12 94.400
14 95.046
16 94.291
18 94.339
20 94.483
22 94.224
24 94.400
2 96.584
4 96.461
6 96.488
8 96.554
10 96.686
12 96.734
14 96.754
16 123.013
18 122.879
20 120.460
22 96.633
24 122.975
2 97.139
4 122.846
6 96.854
8 96.517
10 96.599
12 121.530
14 121.725
16 122.808
18 122.705
20 96.575
22 121.748
24 121.507
2 96.902
4 99.146
6 96.695
8 96.484
10 96.618
12 96.451
14 96.569
16 96.418
18 96.569
20 96.527
22 96.457
24 96.386
2 96.636
4 96.811
6 96.414
8 96.625
10 96.583
12 96.469
14 96.424
16 96.424
18 96.394
20 96.419
22 96.469
24 96.444
2 96.423
4 96.619
6 96.458
8 96.596
10 96.497
12 96.609
14 96.411
16 96.451
18 96.514
20 96.895
22 96.478
24 96.627
2 97.086
4 96.464
6 96.418
8 96.426
10 96.509
12 96.460
14 96.469
16 96.524
18 96.570
20 96.459
22 96.408
24 96.371
2 96.468
4 96.435
6 96.473
8 96.532
10 96.556
12 97.212
14 96.452
16 96.480
18 96.460
20 97.119
22 96.428
24 96.433
2 99.523
4 96.515
6 96.767
8 96.443
10 96.633
12 96.499
14 96.597
16 97.120
18 96.466
20 96.462
22 97.073
24 96.671
2 96.483
4 97.024
6 97.005
8 96.521
10 96.446
12 97.226
14 96.765
16 96.412
18 96.510
20 96.474
22 96.394
24 96.473
2 96.392
4 96.764
6 96.536
8 100.017
10 96.424
12 96.576
14 96.879
16 96.433
18 96.925
20 96.520
22 96.434
24 96.515
