2 717.189
4 717.198
6 720.158
8 716.476
10 716.873
12 716.636
14 717.958
16 719.629
18 717.383
20 717.059
22 716.730
24 717.019
2 716.988
4 718.343
6 716.468
8 716.871
10 716.717
12 716.730
14 716.758
16 716.695
18 717.409
20 716.632
22 756.555
24 717.525
2 716.692
4 717.479
6 716.720
8 720.533
10 716.974
12 717.350
14 717.446
16 716.673
18 720.803
20 716.592
22 716.851
24 716.793
2 716.685
4 720.444
6 717.637
8 716.828
10 716.533
12 716.826
14 716.540
16 716.779
18 717.329
20 717.096
22 716.859
24 719.740
2 717.274
4 716.568
6 717.436
8 717.080
10 720.157
12 716.734
14 718.074
16 716.949
18 718.026
20 719.534
22 717.800
24 717.223
2 716.756
4 716.936
6 720.317
8 716.757
10 716.657
12 716.758
14 717.025
16 723.535
18 717.019
20 716.931
22 717.416
24 716.798
2 740.460
4 716.982
6 716.576
8 717.070
10 716.799
12 730.522
14 716.741
16 717.157
18 716.837
20 716.636
22 720.053
24 717.293
2 716.912
4 716.710
6 717.317
8 721.039
10 716.688
12 716.864
14 717.317
16 716.806
18 720.811
20 717.292
22 716.707
24 717.113
2 717.506
4 720.118
6 716.931
8 716.675
10 716.692
12 717.036
14 717.305
16 716.963
18 717.208
20 716.931
22 716.917
24 719.793
2 717.174
4 717.305
6 717.803
8 716.660
10 720.813
12 717.285
14 716.768
16 716.475
18 717.935
20 720.011
22 716.645
24 717.764
