2 842.867
4 843.831
6 868.138
8 841.822
10 840.885
12 840.397
14 840.149
16 840.314
18 840.421
20 841.177
22 843.327
24 840.630
2 840.868
4 840.324
6 843.757
8 840.288
10 840.995
12 840.042
14 840.036
16 843.411
18 840.451
20 840.742
22 840.578
24 844.103
2 840.960
4 840.082
6 840.560
8 866.313
10 843.244
12 840.584
14 840.234
16 840.333
18 843.245
20 840.547
22 840.127
24 840.126
2 840.394
4 871.029
6 840.553
8 840.815
10 841.114
12 844.136
14 840.491
16 840.522
18 840.690
20 840.056
22 840.092
24 840.931
2 840.460
4 840.240
6 844.512
8 840.895
10 840.166
12 840.725
14 840.564
16 840.346
18 840.255
20 840.864
22 840.726
24 904.958
2 841.250
4 840.578
6 840.545
8 844.707
10 840.145
12 840.446
14 841.048
16 840.270
18 865.933
20 841.343
22 840.926
24 840.316
2 844.388
4 840.391
6 840.244
8 841.750
10 840.306
12 843.317
14 841.232
16 841.292
18 840.686
20 843.901
22 840.618
24 841.094
2 840.848
4 844.084
6 841.464
8 841.160
10 840.722
12 841.870
14 844.087
16 840.009
18 840.990
20 843.658
22 839.958
24 840.877
2 841.321
4 840.377
6 840.998
8 846.351
10 840.972
12 840.318
14 840.317
16 844.138
18 841.892
20 840.862
22 840.484
24 840.475
2 889.420
4 840.574
6 841.275
8 840.711
10 843.589
12 841.529
14 840.171
16 841.437
18 841.604
20 844.328
22 841.841
24 840.134
