2 197.126
4 197.519
6 197.110
8 197.578
10 199.187
12 199.241
14 207.858
16 201.102
18 217.989
20 209.845
22 219.137
24 223.672
2 197.037
4 197.612
6 197.236
8 197.427
10 201.976
12 198.194
14 199.794
16 218.590
18 202.806
20 216.233
22 217.404
24 222.581
2 197.568
4 197.697
6 197.136
8 197.403
10 199.157
12 199.240
14 198.728
16 198.475
18 201.185
20 213.393
22 217.796
24 233.034
2 200.119
4 197.749
6 197.112
8 197.419
10 199.296
12 202.738
14 210.594
16 216.281
18 204.251
20 199.833
22 217.935
24 275.650
2 196.995
4 201.720
6 197.008
8 197.441
10 198.994
12 199.465
14 209.712
16 199.574
18 221.535
20 221.038
22 214.058
24 299.245
2 196.939
4 197.569
6 197.363
8 197.502
10 199.240
12 200.070
14 211.490
16 216.485
18 204.946
20 213.290
22 216.989
24 227.687
2 196.840
4 197.513
6 197.499
8 198.225
10 199.131
12 199.649
14 202.326
16 217.584
18 219.764
20 211.901
22 219.891
24 228.672
2 197.239
4 197.556
6 197.223
8 197.516
10 199.330
12 199.417
14 211.461
16 205.211
18 219.323
20 214.658
22 220.127
24 220.149
2 197.024
4 197.594
6 197.331
8 200.612
10 200.407
12 200.407
14 213.227
16 201.979
18 218.547
20 206.232
22 211.549
24 243.746
2 197.405
4 198.054
6 197.012
8 197.493
10 199.083
12 200.110
14 198.761
16 216.467
18 201.966
20 217.475
22 217.820
24 230.184
