2 115.512
4 98.731
6 93.074
8 90.884
10 95.746
12 111.571
14 93.586
16 104.651
18 107.281
20 110.566
22 112.860
24 123.070
2 113.546
4 83.758
6 97.886
8 102.883
10 87.964
12 91.346
14 96.965
16 105.998
18 97.692
20 104.308
22 120.572
24 142.109
2 117.274
4 95.392
6 95.738
8 94.951
10 93.474
12 107.309
14 92.178
16 102.906
18 103.243
20 105.013
22 139.504
24 125.290
2 116.674
4 101.791
6 101.854
8 93.565
10 108.138
12 96.692
14 93.347
16 102.017
18 105.244
20 106.975
22 119.007
24 119.272
2 114.528
4 95.337
6 91.801
8 88.552
10 94.002
12 91.907
14 106.265
16 102.963
18 110.038
20 103.942
22 110.602
24 145.475
2 116.087
4 94.348
6 104.116
8 102.366
10 93.334
12 101.771
14 107.598
16 99.655
18 98.772
20 109.051
22 117.176
24 120.509
2 118.735
4 93.044
6 99.236
8 91.915
10 94.695
12 98.446
14 106.967
16 109.433
18 108.734
20 135.375
22 112.522
24 127.510
2 118.025
4 100.907
6 95.122
8 109.009
10 81.996
12 110.518
14 105.012
16 98.212
18 108.713
20 104.808
22 114.088
24 149.921
2 65.633
4 100.267
6 99.997
8 86.319
10 94.550
12 91.026
14 96.202
16 103.512
18 105.772
20 105.849
22 120.987
24 121.235
2 113.315
4 94.900
6 83.104
8 98.733
10 89.016
12 86.399
14 98.235
16 104.164
18 104.765
20 110.799
22 122.961
24 139.816
