2 197.799
4 224.008
6 215.296
8 198.019
10 199.776
12 221.925
14 201.092
16 199.710
18 210.417
20 230.096
22 219.625
24 231.905
2 212.646
4 221.482
6 214.269
8 215.609
10 204.355
12 200.539
14 199.573
16 201.899
18 204.657
20 220.469
22 217.543
24 224.109
2 197.745
4 198.200
6 197.995
8 198.362
10 201.124
12 200.365
14 210.875
16 218.424
18 211.938
20 219.460
22 233.218
24 267.840
2 197.756
4 198.642
6 198.045
8 198.039
10 199.734
12 200.119
14 215.123
16 216.772
18 204.555
20 206.641
22 226.222
24 223.349
2 197.614
4 198.937
6 198.077
8 202.250
10 201.581
12 200.369
14 199.281
16 199.733
18 201.969
20 221.358
22 218.621
24 225.075
2 197.614
4 198.302
6 198.024
8 198.358
10 199.828
12 200.109
14 207.487
16 218.396
18 205.506
20 206.093
22 219.433
24 240.805
2 198.378
4 198.494
6 198.024
8 198.763
10 199.995
12 200.316
14 199.194
16 211.618
18 200.345
20 220.893
22 218.455
24 229.547
2 197.783
4 198.371
6 198.095
8 198.652
10 199.958
12 200.282
14 214.655
16 201.124
18 224.971
20 212.810
22 219.458
24 222.309
2 197.650
4 198.318
6 198.173
8 198.791
10 200.226
12 211.114
14 199.634
16 204.959
18 204.093
20 217.274
22 218.199
24 224.226
2 197.701
4 198.595
6 198.082
8 198.223
10 197.835
12 199.948
14 199.293
16 211.008
18 207.597
20 210.546
22 211.118
24 231.477
