2 996.982
4 977.387
6 1005.434
8 976.220
10 987.324
12 1023.946
14 1076.549
16 1096.566
18 1131.358
20 1481.506
22 1624.516
24 1615.436
2 970.556
4 980.367
6 971.151
8 973.758
10 989.670
12 988.723
14 1031.462
16 1217.241
18 1400.474
20 1342.499
22 1501.587
24 1749.693
2 971.734
4 977.561
6 971.001
8 975.851
10 988.057
12 992.858
14 1039.322
16 1316.705
18 1210.230
20 1463.452
22 1376.006
24 1700.165
2 970.790
4 980.511
6 973.250
8 973.780
10 990.605
12 1022.305
14 1166.890
16 1323.559
18 1217.591
20 1519.408
22 1335.039
24 1557.593
2 969.960
4 977.491
6 971.141
8 977.536
10 990.465
12 990.665
14 1063.077
16 1032.863
18 1422.306
20 1431.213
22 1510.524
24 1875.279
2 970.461
4 1009.137
6 971.559
8 1001.562
10 988.847
12 992.062
14 1030.469
16 1103.492
18 1533.783
20 1444.807
22 1494.263
24 1554.475
2 975.840
4 978.098
6 972.468
8 972.097
10 987.705
12 989.975
14 1100.902
16 1120.202
18 1145.837
20 1461.222
22 1425.819
24 1541.453
2 969.643
4 978.078
6 974.603
8 973.570
10 991.525
12 1019.533
14 1082.161
16 1361.983
18 1190.648
20 1278.357
22 1530.648
24 1744.588
2 973.827
4 977.517
6 989.052
8 973.330
10 993.173
12 990.172
14 980.794
16 1087.033
18 1154.346
20 1502.872
22 1518.409
24 1554.614
2 971.002
4 978.732
6 976.466
8 974.360
10 988.349
12 992.256
14 1030.247
16 1188.780
18 1175.133
20 1281.196
22 1543.233
24 1584.132
