2 980.859
4 991.368
6 1000.842
8 984.568
10 999.510
12 1003.294
14 1145.556
16 1202.557
18 1202.639
20 1474.593
22 1554.790
24 1605.394
2 984.792
4 987.867
6 982.183
8 989.593
10 1000.299
12 1018.485
14 1138.873
16 1091.520
18 1139.273
20 1404.958
22 1577.517
24 1687.162
2 984.755
4 991.311
6 984.385
8 984.286
10 1001.682
12 1005.866
14 1134.426
16 1274.260
18 1066.607
20 1419.313
22 1577.026
24 1710.450
2 980.542
4 991.986
6 982.834
8 988.220
10 1001.171
12 1001.723
14 1014.248
16 1060.171
18 1119.460
20 1400.420
22 1537.728
24 1784.705
2 979.755
4 988.093
6 981.002
8 982.151
10 999.427
12 1014.806
14 1095.275
16 1229.640
18 1273.400
20 1254.937
22 1642.964
24 1565.689
2 984.862
4 1003.490
6 982.628
8 981.442
10 1003.847
12 1003.087
14 1103.004
16 1076.366
18 1254.219
20 1284.221
22 1414.020
24 1773.536
2 981.353
4 986.934
6 1002.940
8 987.746
10 1000.140
12 1001.812
14 1050.370
16 1371.255
18 1464.484
20 1414.779
22 1387.052
24 1596.810
2 985.896
4 988.129
6 982.432
8 982.096
10 1003.259
12 1003.543
14 1129.637
16 1307.390
18 1212.655
20 1425.705
22 1550.432
24 1621.311
2 980.029
4 1004.294
6 988.588
8 984.611
10 1006.853
12 1002.176
14 1171.950
16 1450.829
18 1197.861
20 1298.810
22 1562.672
24 1745.331
2 984.255
4 988.652
6 984.697
8 986.848
10 1002.867
12 1005.545
14 1144.568
16 1171.473
18 1419.627
20 1287.005
22 1718.955
24 1603.118
