2 1885.097
4 1887.268
6 1888.107
8 1886.796
10 1879.702
12 1954.436
14 1969.303
16 2005.045
18 2013.801
20 2053.939
22 2052.271
24 6529.068
2 1885.992
4 1889.895
6 1893.454
8 1887.650
10 1907.283
12 1955.246
14 1929.905
16 2006.593
18 2036.524
20 2036.390
22 2047.174
24 6563.236
2 1879.642
4 1886.993
6 1888.823
8 1886.377
10 1907.147
12 1926.635
14 1948.076
16 2005.735
18 2030.492
20 2040.074
22 2060.983
24 6439.510
2 1882.661
4 1891.178
6 1889.215
8 1886.764
10 1899.499
12 1933.127
14 1961.306
16 1996.925
18 1996.169
20 2024.793
22 2046.172
24 6460.917
2 1906.941
4 1889.688
6 1883.447
8 1904.238
10 1884.516
12 1936.623
14 1931.573
16 2016.739
18 2003.498
20 2029.349
22 2044.259
24 6605.552
2 1886.555
4 1886.747
6 1885.115
8 1887.539
10 1902.954
12 1932.622
14 1981.083
16 1990.824
18 2004.981
20 2029.131
22 2047.351
24 6520.260
2 1882.871
4 1912.943
6 1885.908
8 1887.256
10 1905.940
12 1915.016
14 1965.557
16 1977.392
18 2041.855
20 2026.106
22 2051.524
24 6530.001
2 1888.955
4 1910.712
6 1882.511
8 1887.863
10 1897.825
12 1964.592
14 1986.923
16 2004.591
18 1981.341
20 2036.261
22 2074.217
24 6587.146
2 1883.893
4 1893.307
6 1885.408
8 1887.029
10 1900.422
12 1970.555
14 1954.983
16 2013.169
18 2043.511
20 2020.060
22 2050.199
24 6552.683
2 1886.519
4 1889.109
6 1885.938
8 1905.218
10 1928.082
12 1924.534
14 1994.810
16 2015.759
18 2020.765
20 1991.354
22 2045.164
24 6439.144
