2 10718.238
4 10729.217
6 10651.478
8 10736.605
10 10693.980
12 10685.274
14 10647.179
16 10629.747
18 10944.049
20 10691.670
22 10722.112
24 10694.282
2 10706.335
4 10734.042
6 10692.921
8 10728.473
10 10736.133
12 10672.731
14 10714.367
16 10673.932
18 10645.299
20 10644.790
22 10676.974
24 10700.612
2 10720.881
4 10723.905
6 10703.024
8 10757.083
10 10680.529
12 10718.862
14 10706.706
16 10784.884
18 10686.754
20 10729.377
22 10722.938
24 10709.490
2 10729.769
4 10667.408
6 10786.567
8 10689.201
10 10670.508
12 10654.854
14 10732.857
16 10736.376
18 10741.913
20 10703.932
22 10702.001
24 10737.066
2 10702.898
4 10808.701
6 10709.712
8 10721.868
10 10705.550
12 10679.758
14 10710.953
16 10694.232
18 10710.429
20 10700.300
22 10677.644
24 10705.010
2 10709.971
4 10714.805
6 10706.778
8 10680.225
10 10742.467
12 10664.010
14 10704.307
16 10720.587
18 10747.534
20 10670.981
22 10751.159
24 10718.888
2 10695.474
4 10691.835
6 10663.911
8 10695.700
10 10651.065
12 10745.696
14 10735.066
16 10687.783
18 10670.752
20 10741.425
22 10680.079
24 10652.640
2 10762.452
4 10961.402
6 10747.453
8 10679.995
10 10674.733
12 10648.402
14 10689.581
16 10651.733
18 10719.018
20 10661.887
22 10662.912
24 10711.638
2 10678.624
4 10672.818
6 11061.953
8 10695.332
10 10659.114
12 10683.055
14 10711.947
16 10736.609
18 10667.741
20 10729.133
22 10709.059
24 10674.191
2 10705.480
4 10703.088
6 10702.981
8 10706.149
10 10683.236
12 10690.959
14 10728.117
16 10652.646
18 10682.880
20 10702.466
22 10707.528
24 10689.696
