2 10069.799
4 10121.038
6 10058.025
8 10186.707
10 10048.297
12 10248.433
14 10217.176
16 10541.198
18 10577.862
20 10570.993
22 10661.085
24 10567.062
2 10020.147
4 10041.780
6 10068.126
8 10085.074
10 10069.302
12 10359.499
14 10290.442
16 10425.502
18 10430.599
20 10617.243
22 10669.815
24 10837.426
2 10049.823
4 10046.050
6 10017.226
8 10070.605
10 10121.586
12 10078.879
14 10392.979
16 10412.760
18 10482.567
20 10623.799
22 10814.003
24 10754.750
2 10038.461
4 10060.574
6 10164.188
8 10231.806
10 10316.037
12 10083.037
14 10417.496
16 10409.556
18 10520.773
20 10496.322
22 10568.072
24 10611.096
2 10147.667
4 10126.575
6 10201.655
8 10158.158
10 10098.047
12 10081.933
14 10286.545
16 10342.929
18 10626.564
20 10564.866
22 10693.035
24 10596.602
2 10049.962
4 10049.627
6 10132.165
8 10196.354
10 10270.574
12 10118.787
14 10376.149
16 10399.640
18 10482.567
20 10671.437
22 10732.298
24 10666.910
2 10030.159
4 10148.012
6 10163.440
8 10220.792
10 10324.417
12 10353.160
14 10532.134
16 10405.768
18 10414.987
20 10639.143
22 10628.361
24 10788.405
2 10008.928
4 10187.578
6 10106.761
8 10069.598
10 10165.430
12 10153.943
14 10460.884
16 10500.370
18 10573.412
20 10453.887
22 10656.201
24 10757.263
2 9993.418
4 10094.062
6 10114.785
8 10092.353
10 10217.154
12 10029.431
14 10261.401
16 10409.556
18 10461.190
20 10503.800
22 10550.133
24 10749.309
2 10063.242
4 10083.582
6 10113.089
8 10123.281
10 10257.029
12 10138.745
14 10436.758
16 10583.170
18 10483.108
20 10555.285
22 10560.137
24 10682.958
