2 165.343
4 164.857
6 165.789
8 165.805
10 166.031
12 173.981
14 165.881
16 166.044
18 175.864
20 203.632
22 220.149
24 228.854
2 165.182
4 171.639
6 165.584
8 165.434
10 166.198
12 166.043
14 165.982
16 166.127
18 225.142
20 221.977
22 220.971
24 260.813
2 165.197
4 166.137
6 165.200
8 165.585
10 165.781
12 165.997
14 213.970
16 166.019
18 211.166
20 217.666
22 207.894
24 226.694
2 165.020
4 164.786
6 168.573
8 165.555
10 165.876
12 165.783
14 169.414
16 220.539
18 220.666
20 220.439
22 224.190
24 248.352
2 165.353
4 167.920
6 165.307
8 165.795
10 165.879
12 165.852
14 166.116
16 166.149
18 208.312
20 189.226
22 225.197
24 225.248
2 164.971
4 164.851
6 168.621
8 165.818
10 166.311
12 166.243
14 167.123
16 206.966
18 166.188
20 218.189
22 209.064
24 221.584
2 165.357
4 165.083
6 165.557
8 166.425
10 165.475
12 166.015
14 218.418
16 215.735
18 220.460
20 184.363
22 213.243
24 232.066
2 165.545
4 164.821
6 165.459
8 165.736
10 166.049
12 166.349
14 174.150
16 168.912
18 167.241
20 179.760
22 232.761
24 226.888
2 165.318
4 165.114
6 165.789
8 165.434
10 165.533
12 165.926
14 166.340
16 169.131
18 169.132
20 193.688
22 192.622
24 232.427
2 165.459
4 164.920
6 165.662
8 165.587
10 166.143
12 181.392
14 166.509
16 170.853
18 220.742
20 206.814
22 223.945
24 245.155
