2 1011.539
4 989.608
6 983.158
8 983.680
10 997.529
12 996.828
14 1058.656
16 1118.024
18 1444.820
20 1304.477
22 1378.571
24 1844.766
2 983.546
4 989.388
6 984.333
8 981.321
10 999.421
12 1001.799
14 1060.865
16 1309.599
18 1552.432
20 1548.930
22 1552.257
24 1581.758
2 982.190
4 996.144
6 993.668
8 980.890
10 996.742
12 994.736
14 1118.765
16 1061.572
18 1279.179
20 1379.505
22 1390.601
24 1602.460
2 980.255
4 988.923
6 991.300
8 980.584
10 995.025
12 996.460
14 1083.647
16 1084.667
18 1382.225
20 1239.373
22 1528.772
24 1760.423
2 984.040
4 988.004
6 980.314
8 984.931
10 1000.254
12 995.073
14 1061.499
16 1064.598
18 1117.726
20 1397.641
22 1575.627
24 1578.765
2 980.384
4 985.186
6 983.581
8 981.349
10 994.589
12 1012.143
14 1061.508
16 1092.382
18 1301.624
20 1371.758
22 1486.640
24 1602.359
2 981.890
4 988.209
6 979.629
8 983.312
10 998.007
12 994.296
14 1075.349
16 1217.025
18 1397.850
20 1388.842
22 1287.329
24 1752.821
2 980.258
4 988.860
6 980.034
8 983.918
10 994.929
12 994.993
14 1094.766
16 1305.277
18 1319.726
20 1534.926
22 1617.171
24 1556.145
2 979.864
4 990.428
6 980.052
8 984.335
10 996.573
12 1002.321
14 1105.739
16 1079.958
18 1491.052
20 1382.683
22 1486.541
24 1580.794
2 981.133
4 985.050
6 981.500
8 988.982
10 994.918
12 995.240
14 1055.067
16 1244.790
18 1216.728
20 1809.266
22 1446.883
24 1787.994
