2 840.625
4 855.750
6 841.058
8 862.234
10 840.623
12 843.622
14 860.243
16 844.746
18 841.863
20 866.186
22 840.011
24 840.013
2 843.360
4 840.415
6 847.396
8 840.364
10 840.738
12 842.338
14 841.232
16 840.667
18 840.633
20 842.231
22 841.482
24 843.643
2 843.225
4 843.282
6 843.329
8 843.633
10 840.173
12 840.118
14 840.944
16 842.829
18 843.688
20 840.565
22 841.539
24 840.133
2 843.814
4 840.231
6 841.312
8 840.520
10 841.165
12 853.241
14 839.915
16 840.043
18 841.237
20 843.149
22 841.836
24 840.173
2 840.607
4 842.318
6 840.717
8 844.157
10 840.217
12 842.361
14 844.034
16 840.031
18 840.320
20 843.546
22 840.811
24 841.630
2 840.515
4 840.918
6 839.746
8 843.842
10 840.213
12 840.688
14 841.257
16 840.969
18 841.089
20 840.768
22 840.587
24 841.651
2 843.828
4 840.211
6 840.820
8 840.522
10 845.389
12 841.833
14 841.446
16 840.971
18 840.388
20 845.110
22 840.668
24 840.805
2 840.677
4 842.921
6 840.502
8 840.172
10 840.553
12 841.020
14 861.050
16 840.222
18 840.076
20 841.272
22 844.479
24 840.681
2 840.839
4 841.156
6 840.916
8 841.510
10 841.006
12 840.622
14 841.593
16 841.215
18 841.137
20 840.856
22 855.938
24 841.049
2 840.662
4 841.117
6 841.522
8 843.862
10 841.367
12 840.446
14 840.348
16 843.710
18 840.500
20 839.702
22 841.722
24 839.763
