2 976.400
4 974.989
6 969.582
8 990.264
10 983.185
12 1023.684
14 1051.766
16 1170.986
18 1176.513
20 1179.115
22 1475.635
24 1714.102
2 970.532
4 996.849
6 970.550
8 969.536
10 965.740
12 989.901
14 1045.794
16 1104.705
18 1219.007
20 1545.813
22 1490.181
24 1556.576
2 971.500
4 975.114
6 974.195
8 974.059
10 983.948
12 984.231
14 1017.969
16 1073.771
18 1363.789
20 1430.899
22 1445.113
24 1560.873
2 970.561
4 995.353
6 972.386
8 986.828
10 982.985
12 985.373
14 1104.889
16 1232.782
18 1016.572
20 1305.401
22 1548.954
24 1742.571
2 972.801
4 976.258
6 968.542
8 973.908
10 985.746
12 986.833
14 1038.585
16 1076.192
18 1338.735
20 1289.301
22 1462.592
24 1569.319
2 969.499
4 976.281
6 972.981
8 974.629
10 983.673
12 986.200
14 1228.194
16 1119.490
18 1439.319
20 1326.610
22 1498.202
24 1542.254
2 972.329
4 982.167
6 968.979
8 975.405
10 988.663
12 998.845
14 1000.798
16 1064.298
18 1453.780
20 1500.766
22 1374.174
24 1736.102
2 970.470
4 974.878
6 969.163
8 996.779
10 983.525
12 984.790
14 1045.816
16 1147.705
18 1262.384
20 1206.900
22 1529.055
24 1751.775
2 969.742
4 979.225
6 971.684
8 972.475
10 985.085
12 1005.020
14 1154.193
16 1205.910
18 1505.667
20 1440.736
22 1452.230
24 1567.693
2 978.285
4 979.271
6 978.696
8 988.853
10 984.483
12 994.576
14 1075.186
16 1349.905
18 1225.779
20 1608.868
22 1492.919
24 1561.706
