2 1548.419
4 1545.304
6 1544.819
8 1577.949
10 1543.094
12 1559.539
14 1660.331
16 1827.481
18 1802.677
20 1993.903
22 1861.418
24 2295.896
2 1545.307
4 1550.632
6 1543.124
8 1542.028
10 1548.241
12 1544.902
14 1679.581
16 1859.858
18 1771.582
20 2054.227
22 1985.079
24 2111.199
2 1542.919
4 1548.003
6 1560.715
8 1540.568
10 1551.907
12 1569.445
14 1601.242
16 1636.504
18 1737.766
20 1824.659
22 2031.555
24 2262.147
2 1546.459
4 1546.745
6 1544.519
8 1542.863
10 1548.135
12 1549.219
14 1625.409
16 1676.343
18 1774.793
20 1928.566
22 2029.346
24 2107.592
2 1564.637
4 1546.580
6 1541.230
8 1543.822
10 1550.941
12 1545.402
14 1671.697
16 1736.322
18 1743.637
20 1963.453
22 1977.163
24 2132.136
2 1545.224
4 1545.678
6 1548.573
8 1542.279
10 1544.818
12 1549.109
14 1646.165
16 1668.360
18 1815.795
20 1948.457
22 2086.351
24 2284.250
2 1548.040
4 1546.575
6 1540.480
8 1554.257
10 1542.606
12 1547.539
14 1709.611
16 1759.148
18 1931.695
20 2063.627
22 2067.518
24 2167.059
2 1544.112
4 1547.986
6 1542.307
8 1551.149
10 1542.175
12 1557.517
14 1671.863
16 1804.664
18 1755.235
20 1952.574
22 2032.045
24 2118.047
2 1544.784
4 1548.370
6 1542.480
8 1542.575
10 1554.491
12 1563.612
14 1636.203
16 1775.252
18 1860.306
20 2011.005
22 2107.717
24 2300.323
2 1561.700
4 1546.653
6 1542.451
8 1542.716
10 1546.777
12 1583.998
14 1675.158
16 1741.748
18 1982.573
20 1986.815
22 2068.858
24 2116.820
