2 836.682
4 836.381
6 841.877
8 837.090
10 837.167
12 837.499
14 837.246
16 882.640
18 836.295
20 837.205
22 836.685
24 840.270
2 836.457
4 836.434
6 837.387
8 836.719
10 841.287
12 836.713
14 838.103
16 836.406
18 839.672
20 837.137
22 836.413
24 836.669
2 839.072
4 837.084
6 836.695
8 836.925
10 836.964
12 839.530
14 837.356
16 837.846
18 837.902
20 836.407
22 836.403
24 836.198
2 839.748
4 836.624
6 840.259
8 840.065
10 837.400
12 836.568
14 836.623
16 836.602
18 838.068
20 836.551
22 836.434
24 876.512
2 836.608
4 837.671
6 836.284
8 840.888
10 836.754
12 838.524
14 836.301
16 836.296
18 879.002
20 836.274
22 836.497
24 836.335
2 836.438
4 836.348
6 839.493
8 836.272
10 837.372
12 839.688
14 836.588
16 836.881
18 837.615
20 837.462
22 837.448
24 836.379
2 837.184
4 837.514
6 839.591
8 836.853
10 836.505
12 837.543
14 841.911
16 836.888
18 837.089
20 836.573
22 837.350
24 839.616
2 836.607
4 837.600
6 837.295
8 840.156
10 836.425
12 836.972
14 836.850
16 836.811
18 839.617
20 837.035
22 836.581
24 836.713
2 878.308
4 838.284
6 836.302
8 837.228
10 836.531
12 836.956
14 836.971
16 836.007
18 837.245
20 880.053
22 837.089
24 837.771
2 836.874
4 836.585
6 836.717
8 837.242
10 837.095
12 836.492
14 840.116
16 836.862
18 836.290
20 837.748
22 836.386
24 836.458
