2 1465.022
4 1569.637
6 1792.048
8 1930.640
10 2150.615
12 2409.416
14 2572.619
16 2676.631
18 2882.959
20 3054.245
22 3410.693
24 3718.523
2 1454.109
4 1579.674
6 1759.750
8 1934.018
10 2159.603
12 2410.051
14 2607.505
16 2791.635
18 2999.030
20 3013.310
22 3279.774
24 3786.140
2 1442.660
4 1518.086
6 1778.669
8 1938.958
10 2154.563
12 2393.068
14 2581.160
16 2808.244
18 3044.718
20 3097.224
22 3368.711
24 3247.700
2 1468.138
4 1563.720
6 1766.235
8 1933.858
10 2082.140
12 2347.897
14 2572.059
16 2839.743
18 2848.390
20 3146.562
22 3363.250
24 3467.513
2 1519.635
4 1654.636
6 1762.248
8 1924.115
10 2096.667
12 2379.287
14 2592.148
16 2768.338
18 2894.254
20 2895.564
22 3194.592
24 3803.376
2 1487.797
4 1570.780
6 1731.356
8 1890.909
10 2128.340
12 2375.907
14 2597.808
16 2806.483
18 3021.541
20 3217.309
22 3337.099
24 3603.188
2 1462.490
4 1584.533
6 1720.671
8 1911.248
10 2113.162
12 2387.490
14 2582.505
16 2797.822
18 3019.500
20 3196.589
22 3276.145
24 3395.041
2 1374.348
4 1566.528
6 1727.724
8 1896.745
10 2161.971
12 2399.591
14 2564.147
16 2754.845
18 2945.652
20 3047.292
22 3215.719
24 3683.665
2 1455.304
4 1592.224
6 1700.959
8 1901.543
10 2151.892
12 2348.146
14 2545.190
16 2674.300
18 2813.483
20 2977.877
22 3403.348
24 3832.485
2 1450.233
4 1549.249
6 1745.633
8 1937.962
10 2144.753
12 2401.721
14 2574.274
16 2731.722
18 2991.820
20 3077.756
22 3290.061
24 3502.585
