2 1881.574
4 1887.291
6 1882.192
8 1888.579
10 1895.925
12 1910.020
14 1933.638
16 1943.790
18 2019.871
20 2005.702
22 2055.984
24 2078.989
2 1886.737
4 1886.183
6 1885.616
8 1885.548
10 1900.044
12 1896.231
14 1930.353
16 1939.586
18 1965.573
20 2023.235
22 2049.914
24 2231.050
2 1884.128
4 1910.691
6 1882.530
8 1902.295
10 1900.531
12 1897.804
14 1955.906
16 1980.363
18 2008.991
20 1978.255
22 2026.819
24 2240.577
2 1886.944
4 1910.595
6 1906.328
8 1886.990
10 1887.939
12 1910.439
14 1954.551
16 1983.265
18 2036.752
20 2019.381
22 2018.384
24 2244.352
2 1890.900
4 1914.023
6 1883.984
8 1894.879
10 1901.050
12 1896.951
14 1951.588
16 1957.542
18 1992.561
20 2017.379
22 2028.018
24 2079.777
2 1885.751
4 1951.463
6 1890.968
8 1888.424
10 1913.726
12 1930.253
14 1936.862
16 1978.679
18 1977.575
20 2061.335
22 2061.169
24 2077.351
2 1885.576
4 1887.195
6 1926.184
8 1886.562
10 1896.903
12 1909.367
14 1911.887
16 1986.464
18 2025.140
20 2035.020
22 2051.243
24 2106.127
2 1883.924
4 1889.775
6 1885.699
8 1885.777
10 1944.649
12 1896.885
14 1925.958
16 2035.328
18 1993.192
20 1992.749
22 2020.442
24 2065.483
2 1882.122
4 1914.261
6 1882.144
8 1889.146
10 1896.290
12 1915.066
14 1916.071
16 1989.263
18 1968.613
20 2033.676
22 2020.159
24 2219.868
2 1887.673
4 1886.692
6 1884.541
8 1886.032
10 1899.241
12 1897.106
14 1925.846
16 1998.792
18 1992.862
20 2043.158
22 2044.005
24 2273.752
