2 1017.843
4 834.861
6 821.555
8 810.687
10 792.797
12 827.909
14 953.106
16 957.975
18 983.281
20 1067.175
22 1090.012
24 1177.375
2 994.044
4 830.558
6 801.161
8 742.706
10 830.308
12 829.984
14 880.894
16 947.101
18 1021.159
20 1062.416
22 1089.618
24 1134.694
2 1003.332
4 834.076
6 811.129
8 785.846
10 802.643
12 847.618
14 872.089
16 966.003
18 988.073
20 1034.615
22 1106.487
24 1146.734
2 1023.854
4 819.960
6 808.774
8 815.757
10 802.789
12 816.631
14 894.398
16 951.471
18 949.696
20 1054.394
22 1108.486
24 1285.626
2 1026.482
4 831.058
6 873.976
8 804.688
10 800.940
12 872.676
14 884.675
16 947.193
18 981.650
20 1011.741
22 1086.860
24 1377.442
2 1009.561
4 822.755
6 817.494
8 748.585
10 788.474
12 888.313
14 894.194
16 949.152
18 1000.282
20 1055.085
22 1077.398
24 1166.720
2 1022.842
4 828.086
6 836.591
8 806.050
10 785.895
12 840.695
14 883.532
16 934.692
18 1002.313
20 1050.137
22 1102.669
24 1174.658
2 997.747
4 741.318
6 818.626
8 835.974
10 813.767
12 892.349
14 879.762
16 935.242
18 960.134
20 1046.616
22 1059.179
24 1148.220
2 1002.355
4 833.797
6 803.811
8 842.734
10 792.473
12 814.202
14 887.200
16 955.997
18 1027.799
20 1055.419
22 1119.741
24 1326.064
2 1015.378
4 774.364
6 823.627
8 824.080
10 787.923
12 835.343
14 897.708
16 941.446
18 1047.354
20 1016.081
22 1085.674
24 1377.343
