2 1876.517
4 1881.074
6 1874.728
8 1877.105
10 1890.607
12 1895.273
14 1931.239
16 1941.024
18 1983.494
20 1987.772
22 2011.833
24 2134.258
2 1876.347
4 1886.040
6 1874.614
8 1881.116
10 1886.669
12 1890.005
14 1921.724
16 1953.259
18 2038.241
20 1972.812
22 2004.349
24 2155.666
2 1879.896
4 1876.643
6 1897.447
8 1876.340
10 1891.749
12 1889.430
14 1926.444
16 1978.577
18 2008.577
20 2003.347
22 2009.399
24 2220.617
2 1893.142
4 1884.625
6 1883.463
8 1880.886
10 1892.618
12 1890.966
14 1940.405
16 1972.814
18 1989.710
20 2000.307
22 2044.929
24 2254.724
2 1874.445
4 1885.460
6 1874.322
8 1880.677
10 1872.406
12 1892.413
14 1940.999
16 1989.107
18 1989.560
20 2030.362
22 2038.980
24 2215.774
2 1879.575
4 1905.338
6 1876.844
8 1877.507
10 1891.716
12 1886.696
14 1932.058
16 1928.596
18 1953.626
20 2013.901
22 2043.238
24 2058.958
2 1875.019
4 1881.657
6 1877.990
8 1878.466
10 1890.199
12 1888.159
14 1925.748
16 1972.986
18 2011.594
20 2001.233
22 2033.050
24 2054.209
2 1873.647
4 1878.689
6 1877.875
8 1879.366
10 1886.986
12 1892.995
14 1919.710
16 1956.259
18 1956.950
20 1988.363
22 2039.745
24 2080.885
2 1877.555
4 1879.557
6 1933.834
8 1889.716
10 1895.691
12 1903.712
14 1947.211
16 1999.756
18 2022.246
20 2035.941
22 2032.789
24 2075.754
2 1873.854
4 1886.569
6 1898.508
8 1882.816
10 1889.682
12 1881.873
14 1950.553
16 1970.754
18 1957.170
20 1979.976
22 2015.565
24 2052.633
